Run # | Micro Precision | Micro Recall | Micro F1 | Macro Precision | Macro Recall | Macro F1 | Accuracy
--------------------------------------------------------------------------------------------------------
 0001 |        0.834152 |     0.834152 | 0.834152 |        0.780621 |     0.818170 | 0.794928 | 0.834152
 0002 |        0.825348 |     0.825348 | 0.825348 |        0.767418 |     0.813471 | 0.783513 | 0.825348
 0003 |        0.833538 |     0.833538 | 0.833538 |        0.773146 |     0.823350 | 0.790727 | 0.833538
 0004 |        0.821867 |     0.821867 | 0.821867 |        0.755347 |     0.801318 | 0.771782 | 0.821867
 0005 |        0.826577 |     0.826577 | 0.826577 |        0.766696 |     0.813137 | 0.783081 | 0.826577
 0006 |        0.825143 |     0.825143 | 0.825143 |        0.764459 |     0.807617 | 0.780122 | 0.825143
 0007 |        0.829443 |     0.829443 | 0.829443 |        0.769723 |     0.815315 | 0.786076 | 0.829443
 0008 |        0.824120 |     0.824120 | 0.824120 |        0.765496 |     0.809250 | 0.781107 | 0.824120
 0009 |        0.823710 |     0.823710 | 0.823710 |        0.768341 |     0.802476 | 0.781482 | 0.823710
 0010 |        0.835381 |     0.835381 | 0.835381 |        0.767342 |     0.820206 | 0.786115 | 0.835381
--------------------------------------------------------------------------------------------------------
  Avg |        0.827928 |     0.827928 | 0.827928 |        0.767859 |     0.812431 | 0.783893 | 0.827928
